tissue_name,pacing_freqs,beating_rates,beating_rates_std,beat_rate_cov,dias_forces,dias_forc_st,syst_forces,syst_forces_st,dev_forces,dev_forc_std,t50,t50_std,c50,c50_std,r50,r50_std,t2peak,t2peak_std,r90,r90_std,uv,uv_std,dv,dv_std
AcquireEHT_A3_60_1,1,1.47003136496458,0.0609811467063495,0.041482888161246,1.83746852704145,0.0016470253072794,2.0100162604987,0.00511406748903519,0.172547733457239,0.00534978557471233,0.259587890821506,0.0169698364546388,0.125921689016604,0.0188248683578609,0.133666201804902,0.0195809660589594,0.190848036751266,0.0187294967271296,0.215766426113097,0.0334729230501105,1.18886741918064,0.120668394990716,-1.01595355369692,0.172182423928673
AcquireEHT_A3_60,1,1.36778124629779,0.124070346636668,0.09070920293175,1.64628688568727,0.00126044859942589,1.81313674124404,0.00523784824556802,0.166849855556784,0.0055259300974836,0.263245374942785,0.00799633593865053,0.123431699081292,0.0181487576568146,0.139813675861492,0.0203910230936912,0.190326298781746,0.0187734401856204,0.220628725981272,0.0204271802602579,1.11996039956021,0.141269284552884,-0.95262600304972,0.124601813869565
AcquireEHT_A5_60_1,1,3.58102577342156,2.47012340964496,0.68978096387305,1.54482114088658,0.0140052039825501,2.20117369541327,0.387044172245939,0.656352554526697,0.392480458752725,0.144768398203817,0.00741479907526539,0.0704249859837126,0.00569237989811719,0.074343412220104,0.00775114466085878,0.116042762288252,0.0126014501383208,0.120882259275047,0.0114596872959258,7.47663184830965,4.75937094760228,-6.37607264890367,5.148221767243
AcquireEHT_A5_60,1,1.24771609184678,0.169594956872686,0.135924316421746,1.75353057577055,0.00506625612494407,1.8153687245453,0.00519478523687181,0.0618381487747474,0.00692434263658118,0.433003898921315,0.0489849496427886,0.185555259464186,0.0751667146962696,0.247448639457128,0.070524382099687,0.274676887703051,0.0757122413822403,0.401159095758445,0.0789068035452966,0.293743715488888,0.102727127156661,-0.153211470373327,0.0644117414660781
AcquireEHT_B3_60_1,1,1.52414366317415,0.117515355339424,0.0771025449757724,1.14647387418614,0.00467757837788325,1.28892812186287,0.00343539652171753,0.142454247676736,0.00556572363590052,0.299625570418406,0.0114504030500219,0.123458587177776,0.03309566958201,0.17616698324063,0.0369659031641424,0.186292212207236,0.0342664179578593,0.309885236770628,0.0611601736605858,1.03946264928237,0.109102942660292,-0.611224710384561,0.153934606832176
AcquireEHT_B3_60,1,1.51839654525033,0.0588891934801923,0.038783803654192,1.1509497369265,0.0017462767129331,1.26056324061612,0.00996009657261232,0.109613503689617,0.00994581232422494,0.187730677485022,0.0119743482201174,0.0891177408043405,0.0149901280392813,0.0986129366806814,0.0150491609190073,0.158665209126147,0.0372919948562783,0.18173071781595,0.0226602301449948,0.839136091979663,0.198704369146574,-0.672510054112561,0.104071366835942
AcquireEHT_B5_60_2,1,1.30478313540802,0.0947841723314151,0.0726436215791333,2.1997771868448,0.0039088672016683,2.339186005028,0.00257193353913027,0.139408818183193,0.00433006009901065,0.309074123399583,0.0185730470056732,0.151875427755191,0.0369070674874264,0.157198695644392,0.025330510537658,0.220269964765891,0.0363173170336075,0.28297872835006,0.049333398720252,0.936676446400896,0.114879330394622,-0.661533638160899,0.175860692876274
AcquireEHT_C1_60_1,1,1.84000762123449,0.109614020802554,0.0595725906444956,0.639148809224453,0.00407828289968975,0.757067510590757,0.00117780059075919,0.117918701366303,0.00431958827513714,0.266859830947186,0.00885561510769199,0.129089160109548,0.0203255812690182,0.137770670837638,0.0186872510638771,0.192537483327016,0.0232083299801997,0.223158370984322,0.0251763764001183,0.824277240920433,0.0965362237788096,-0.680805713979606,0.084964614507111
AcquireEHT_C1_60,1,1.79225826413088,0.146857599931385,0.0819399764367109,0.639075516249664,0.00406507045316346,0.731260829672753,0.00685170858272481,0.0921853134230902,0.00794344397193643,0.292020478036153,0.0238039147885236,0.131381977006334,0.0265869871201236,0.16063850102982,0.037201743771753,0.202329794036009,0.0317341340939795,0.254326114461016,0.0372862643481986,0.58789871969921,0.0958236620186192,-0.437681359055466,0.0520305631086062
AcquireEHT_C3_60_1,1,1.39473816231462,0.144598252217913,0.10367412043702,1.23164547274158,0.00131201020603313,1.35775444969701,0.0112238190877171,0.126108976955433,0.0111387249579471,0.247186053545671,0.0214004469739471,0.119178656186514,0.0287669698822717,0.128007397359157,0.0330356075973366,0.180864800450683,0.0295844148454151,0.201531261135283,0.0296490296015717,0.915167388765441,0.128523638570657,-0.80847257386968,0.102207897598737
AcquireEHT_C3_60,1,1.36901149759991,0.207482387972849,0.151556351671697,1.17300300857833,0.00312721624431768,1.28737666532523,0.00362268068065055,0.1143736567469,0.00485294056694301,0.33494068954778,0.0166904486021285,0.131664329038489,0.0573850086102542,0.203276360509291,0.0573189197758154,0.192010677039403,0.057187432961631,0.304610766071798,0.0559865400091012,0.852754041848596,0.110764387369113,-0.639031005255421,0.164206313532328
AcquireEHT_C5_60_1,1,1.28833339370902,0.154804858646283,0.120159004961139,2.03770808246125,0.0141405225464672,2.16239836648222,0.0176185798812824,0.124690284020966,0.020824974821236,0.375413766493927,0.0832435858738183,0.214900477935544,0.0930432715214651,0.160513288558383,0.0577998504655856,0.329479019237153,0.0892067718954054,0.309415623366783,0.0564134319265198,0.64459388070369,0.310452788093008,-0.453633400784609,0.21674623437677
AcquireEHT_C5_60_2,1,1.32450808483724,0.15334755493629,0.115776986710605,2.11129418900004,0.00247592050851571,2.22664040447929,0.0147872710309378,0.115346215479248,0.0145014512482869,0.307091093680009,0.0637555490342935,0.152723677124239,0.072275109381367,0.15436741655577,0.0451467534838288,0.215578581663178,0.0691457830761784,0.250223241876995,0.0562104894094494,0.766823742534614,0.177663405527392,-0.663474695307835,0.124264769837964
AcquireEHT_C5_60,1,1.49738985949893,1.96127571666171,1.30979631271045,2.07964861433811,0.079258716409516,2.18320755608406,0.0650342402954775,0.103558941745955,0.135100128725726,0.646336747412433,0.122304187249688,0.507294346321507,0.251462547983542,0.139042401090926,0.129158360733854,1.216748013548,0.666731300203974,0.972623980506215,1.22435854737767,0.00267282739863772,0.00347079240730692,-0.00623088872459916,0.00312319010739665
AcquireEHT_D1_60_1,1,1.478988404248,0.182970308222631,0.123713145888837,1.9755613712178,0.00296177337058595,2.08736743277448,0.00147548240608987,0.11180606155669,0.00344603161858626,0.334940699241263,0.0156230753885493,0.150212085823117,0.0489653551346162,0.184728613418146,0.0525241693150809,0.212286909268053,0.0509222807357379,0.287198080666979,0.0618101263008863,0.801273047807192,0.0950872933245576,-0.577270383332612,0.115923191738126
AcquireEHT_D1_60,1,1.48090276862685,0.187040669914118,0.126301789608746,1.88460573957855,0.00504297676825788,1.98655006785891,0.00214695527657793,0.101944328280359,0.00558895061443313,0.355395686285681,0.0172908971808299,0.142005200561028,0.0532538876758705,0.213390485724653,0.0551539771770682,0.205293932479932,0.054873049711408,0.329787700478939,0.065632215655764,0.734995769024518,0.108128456071634,-0.481550134363015,0.0981788778253395
AcquireEHT_D5_60_2,1,1.81893257532049,1.13303300317046,0.622910941583871,3.3956398829133,0.00272866153978763,3.40850696916641,0.000823994820417377,0.0128670862531155,0.00280851592367454,0.457385320610839,0.128801647642072,0.15343392466752,0.13396513125538,0.303951395943318,0.161943063451629,0.207298489651972,0.132945716799501,0.408146664043098,0.186629910253644,0.050185023751724,0.0273450565926557,-0.0154454166979024,0.0156238518891383
